1584
1989
1989
1989
1989
1989
2001
2017
2019
2051
2051
2115
2117
2117
2117
2117
2117
3165
3165
3165
3165
3165
3165
3165
3165
3165
3165
3165
3165
3165
3165
3165
3165
3165
3165
3165
3165
3165
3165
3165
3165
3165
3165
3165
3165
3165
3165
3165
3165
3165
3165
3165
3165
3165
3165
3165
3165
3165
3165
3165
3165
3165
3165
3165
3165
3165
3165
3165
3165
3165
3165
3165
3165
3165
3165
3165
3165
3165
3165
3165
3165
3165
3165
3165
3165
3165
3165
3165
3165
3165
3165
3165
3165
3165
3165
3165
3165
3165
3165
3165
3165
3165
3165
3165
3165
3165
3165
3165
3165
3165
3165
3165
3165
3165
3165
3165
3165
3165
3165
3165
3165
3165
3165
3165
3165
3165
3165
3165
3165
3165
3165
3165
3165
3165
3165
3165
3165
3165
3165
3165
3165
3165
3165
3165
3165
3165
3165
3165
3165
3165
3165
3165
3165
3165
3165
3165
3165
3165
3165
3165
3165
3165
3165
3165
3165
3165
3165
3165
3165
3165
3165
3165
3165
3165
3165
3165
3165
3165
3165
3165
3165
3165
3165
3165
3165
3165
3165
3165
3165
3165
3165
3165
3165
3165
3165
3165
3165
3165
3165
3165
3165
3165
3165
3165
3165
3165
3165
3165
3165
3165
3165
3165
3165
3165
3165
3165
3165
3165
3165
3165
3165
3165
3165
3165
3165
3165
3165
3165
3165
3165
3165
3165
3127
1586
1586
1586
1586
1586
1586
1586
1586
1586
1586
1586
1586
1586
1586
1586
1586
1586
1586
1586
1586
1586
1586
1586
1586
1586
1586
1586
1586
1586
1586
1586
1588
1548
