1
410
410
410
410
410
422
438
472
472
536
538
538
538
538
1584
1584
1584
1584
1584
1584
1584
1584
1584
1584
1584
1584
1584
1584
1584
1584
1989
1989
1989
1989
1989
2001
2017
2019
2051
2051
2115
2117
2117
2117
2117
2245
3165
3165
3165
3165
3165
3165
3165
3165
3165
3165
3165
3165
3165
3165
3165
3165
3165
3165
3165
3165
3165
3165
3165
3165
3165
3165
3165
3165
3165
3165
3165
3165
3165
3165
3165
3165
3165
3165
3165
3165
3165
3165
3165
3165
3165
3165
3165
3165
3165
3165
3165
3165
3165
3165
3165
3165
3165
3165
3165
3165
3165
3165
3165
3165
3165
3165
3165
3165
3165
3165
3165
3165
3165
3165
3165
3165
3165
3165
3165
3165
3165
3165
3165
3165
3165
3165
3165
3165
3165
3165
3165
3165
3165
3165
3165
3165
3165
3165
3165
3165
3165
3165
3165
3165
3165
3165
3165
3165
3165
3165
3165
3165
3165
3165
3165
3165
3165
3165
3165
3165
3165
3165
3165
3165
3165
3165
3165
3165
3165
3165
3165
3165
3165
3165
3165
3165
3165
3165
3165
3165
3165
3165
3165
3165
3165
3165
3165
3165
3165
3165
3165
3165
3165
3165
3165
3165
3165
3165
3165
3165
3165
3165
3165
3165
3165
3165
3165
3165
3165
3165
3165
3165
3165
3165
3165
3165
3165
3165
3165
3165
3165
3165
3165
3165
3165
3165
3165
3165
3165
3165
3165
3165
3165
3165
3165
3165
3165
3165
3165
3165
3165
3165
3165
3165
3165
3165
3165
3165
3165
3165
3165
3165
3165
3165
3165
3127
