875
2091
3307
3307
3307
3307
3343
3391
3497
3577
3871
3871
4069
3636
4111
4111
3676
3676
3676
3676
3676
3676
3676
3676
3676
3676
3676
6716
6794
5220
5220
5220
5220
5220
5220
5220
5220
3640
3640
3640
3640
3640
3640
3640
3640
3640
3640
3640
3640
3640
3640
3640
3640
3640
3640
3640
3640
3640
3640
3640
3640
3640
3640
3640
3640
3590
3608
3608
3608
3608
3608
3608
3608
3608
3608
3608
3608
3608
3608
3608
3608
3608
3608
3608
3608
3608
3608
3608
3608
3608
3574
3608
3608
3608
3608
3608
3608
3608
3608
3608
3608
3608
3608
3608
3608
3608
3608
3608
3608
3608
3608
3608
3608
3608
3608
3608
3169
3169
3169
3169
3169
3169
3169
3169
3169
3169
3169
3169
3169
3169
3169
3169
3169
3169
3169
3169
3169
3169
3169
3169
3169
3169
3169
3169
3169
3169
3169
3169
3169
3169
3169
3169
3169
3169
3169
3169
3169
3169
3169
3169
3169
3169
3169
3169
3169
3169
3169
3169
3169
3169
3169
3169
3169
3169
3169
3169
3169
3169
3169
3169
3169
3169
3169
3169
3169
3169
3169
3169
3169
3169
3169
3169
3169
3169
3169
3169
3169
3169
3169
3169
3169
3169
3169
3169
3169
3169
3169
3169
3169
3169
3169
3169
3169
3169
3169
3169
3169
3169
3169
3169
3169
3169
3169
3169
3169
3169
3169
3169
3169
3169
3169
3169
3169
3169
3169
3169
3169
3169
3169
3169
3169
3169
3169
3169
3169
3169
3169
3169
3169
3169
3169
3169
3169
3169
3169
3169
3169
3169
3169
3169
3169
3169
3169
3169
3169
3169
3169
3169
3169
3169
3169
3169
3169
3169
3169
3169
3169
3169
3169
3169
3169
3169
3169
3169
3169
3169
3169
3169
3169
3169
3169
3169
3169
3169
3169
3169
3169
3169
3169
3169
3169
3169
3169
3169
3169
3169
3169
3169
3169
3169
3169
3169
3169
3169
3169
3169
3169
3169
3169
3169
3169
3169
3169
3169
3169
3169
3169
3169
3169
3169
3169
3169
3169
3169
3169
3169
3169
3169
3169
3169
3169
3133
